>#Wanderson Bezerra de Lima - 31895591
>#Luiz Fernando Tagliaferro Brito - 31861806
>
>Exercício 1
> x = c(1,2,3)
> y = c(4,5,6)
> z = c(7,8,9)
> A = matrix(c(x,y,z), nrow = 3)
> A
     [,1] [,2] [,3]
[1,]    1    4    7
[2,]    2    5    8
[3,]    3    6    9
> nomes = c("a","b","c")
> nomes
[1] "a" "b" "c"
> colnames(A) <- nomes
> A
     a b c
[1,] 1 4 7
[2,] 2 5 8
[3,] 3 6 9
> M_transp = t(A)
> M_transp
  [,1] [,2] [,3]
a    1    2    3
b    4    5    6
c    7    8    9
> det(A)
[1] 0
>
>#Exercício 2
> v = c(-5, -4, -3, -2, -1, 0, 1, 2, 3, 4, 5, 6)
> B = matrix(v, nrow = 4, ncol = 3, byrow = TRUE)
> B
     [,1] [,2] [,3]
[1,]   -5   -4   -3
[2,]   -2   -1    0
[3,]    1    2    3
[4,]    4    5    6
> M_transpB = t(B)
> M_transpB
     [,1] [,2] [,3] [,4]
[1,]   -5   -2    1    4
[2,]   -4   -1    2    5
[3,]   -3    0    3    6
> P1 = M_transpB%*%B
> P1
     [,1] [,2] [,3]
[1,]   46   44   42
[2,]   44   46   48
[3,]   42   48   54
> P2 = B%*%M_transpB
> P2
     [,1] [,2] [,3] [,4]
[1,]   50   14  -22  -58
[2,]   14    5   -4  -13
[3,]  -22   -4   14   32
[4,]  -58  -13   32   77
> det(P1)
[1] 0
> det(P2)
[1] 1.597443e-27
>
>#São matrizes quadradas
>#Não é possível determinar determinante e inversa de B, pois B não é uma matriz quadrada
>
>#Exercício 3
> C=matrix(c(1,1,1,1,1,-1,1,-1,1,1,-1,1,-1,-1,1,1),nrow=4,byrow=TRUE)
> C
     [,1] [,2] [,3] [,4]
[1,]    1    1    1    1
[2,]    1   -1    1   -1
[3,]    1    1   -1    1
[4,]   -1   -1    1    1
> invC=solve(C)
> invC
     [,1] [,2] [,3] [,4]
[1,]  0.0  0.5  0.5  0.0
[2,]  0.5 -0.5 -0.5 -0.5
[3,]  0.5  0.0 -0.5  0.0
[4,]  0.0  0.0  0.5  0.5

> p=matrix(c(1,0,2,2),nrow=4)
> p
     [,1]
[1,]    1
[2,]    0
[3,]    2
[4,]    2
> 
> x=invC%*%p
> x
     [,1]
[1,]  1.0
[2,] -1.5
[3,] -0.5
[4,]  2.0
> #Exercício 4
> ident = c(1,0,0,1)
> Mident = matrix(ident, nrow = 2, byrow = TRUE)
> Mident
     [,1] [,2]
[1,]    1    0
[2,]    0    1
> s = 1:1000
> for(i in 1:1000){
+ r=sample(0:9,4,replace = TRUE)
+ Mi=matrix(data=r,nrow=2,byrow=TRUE)
+ det(Mi)
+ if(det(Mi) != 0){
+ Mi_inv = solve(Mi)
+ if(Mi%*%Mi_inv == ident){
+ s[i] = 1
+ }
+ else{
+ s[i] = 0
+ }
+ }
+ else{
+ s[i] = 0
+ }
+ }
There were 50 or more warnings (use warnings() to see the first 50)
> s
   [1] 0 0 1 1 1 1 1 0 1 1 1 0 1 0 1 1 1 1 1 1 1 1 1 1 1 1 1 1 1 1 0 1 1 0 1 1 1
  [38] 1 1 1 1 1 1 1 1 1 0 0 1 0 1 1 1 0 1 1 1 1 1 1 1 1 1 1 0 0 0 1 1 1 1 1 1 1
  [75] 1 0 0 0 0 1 0 1 1 1 1 0 0 0 1 1 1 1 1 1 1 1 1 1 0 1 1 1 1 0 1 0 1 1 1 1 1
 [112] 1 1 0 1 1 0 0 1 1 1 1 1 0 1 1 1 1 1 1 0 1 1 1 1 0 1 1 1 1 0 1 1 1 1 1 1 1
 [149] 1 1 0 0 1 1 1 1 0 1 1 1 1 1 0 1 1 1 1 0 1 1 1 1 0 1 1 1 1 1 1 1 0 1 0 1 1
 [186] 1 1 1 0 1 0 0 1 1 1 0 1 1 0 1 1 1 1 0 1 1 1 0 0 1 0 1 1 1 1 1 1 1 1 1 1 1
 [223] 0 0 1 1 0 1 1 1 1 0 1 1 1 1 0 0 1 1 1 0 1 1 0 1 1 1 1 0 1 0 1 1 1 0 1 1 1
 [260] 1 1 1 0 1 1 0 1 0 0 1 0 1 1 1 1 1 1 0 1 1 1 1 1 1 1 0 1 1 1 1 1 1 1 1 1 1
 [297] 1 1 1 1 1 0 1 1 0 0 1 0 1 0 0 1 1 1 1 0 1 1 1 1 1 1 1 1 1 0 1 1 1 1 1 1 1
 [334] 1 1 0 1 0 1 1 1 1 0 1 1 1 0 1 1 1 1 1 1 1 1 1 1 1 1 0 0 1 1 1 1 1 1 1 0 1
 [371] 0 1 1 1 1 0 1 1 1 1 0 0 0 1 1 1 1 0 0 1 1 1 1 0 1 1 1 1 1 1 1 1 1 0 1 1 0
 [408] 1 0 1 1 1 1 0 1 1 1 1 1 1 1 1 1 0 0 1 1 1 1 1 1 1 1 1 1 1 1 1 0 0 0 1 0 1
 [445] 1 1 1 0 1 1 1 1 1 1 1 1 1 1 1 0 0 1 0 0 1 1 1 1 1 1 1 1 1 1 1 1 0 1 0 0 0
 [482] 0 1 0 1 1 1 1 0 1 1 1 1 1 1 1 1 1 1 1 1 0 1 1 0 1 1 1 1 1 1 1 1 0 1 0 1 1
 [519] 1 1 1 0 1 1 0 0 1 0 1 1 0 1 1 0 1 0 1 1 1 1 1 1 0 1 0 1 1 0 1 1 1 0 1 1 1
 [556] 1 0 1 0 1 1 1 1 1 1 1 1 0 1 1 1 1 1 0 0 1 1 1 1 1 1 1 0 0 1 1 1 0 1 1 1 1
 [593] 1 1 1 1 1 1 1 1 1 1 1 0 0 0 0 1 1 0 1 0 1 1 0 0 1 1 1 1 0 0 1 0 0 1 1 0 1
 [630] 0 1 1 1 1 1 1 0 0 0 0 0 1 1 1 1 1 1 0 0 1 1 1 1 1 1 1 1 1 1 1 1 0 1 1 1 1
 [667] 0 1 1 1 1 0 1 1 1 1 1 1 1 1 1 1 1 1 0 0 1 1 1 1 1 1 0 0 1 1 1 0 1 1 0 1 1
 [704] 1 1 1 1 0 1 1 1 1 1 1 1 1 0 0 1 1 1 1 0 1 1 1 0 1 0 0 1 1 1 1 0 1 1 1 1 1
 [741] 1 0 1 1 1 1 0 1 1 1 0 0 1 1 1 1 1 0 1 0 0 1 1 1 1 1 1 1 1 1 1 1 1 1 1 1 1
 [778] 0 1 1 1 1 1 1 1 1 1 1 1 1 1 0 1 0 1 1 1 0 1 1 1 1 1 0 1 0 1 0 0 0 1 0 1 1
 [815] 1 1 1 0 0 0 1 1 1 1 1 1 1 1 1 1 1 1 0 1 1 1 0 0 1 1 1 1 0 1 1 0 1 1 0 1 1
 [852] 1 1 1 1 1 1 1 1 0 1 1 0 0 1 1 1 1 1 0 1 1 1 0 1 1 1 0 1 0 1 1 1 0 0 1 1 1
 [889] 1 1 1 1 1 1 1 1 1 0 1 1 1 1 1 0 1 1 1 1 1 1 1 1 0 1 0 1 1 1 1 0 1 1 1 1 0
 [926] 1 1 1 1 1 0 1 1 1 1 1 1 1 0 1 1 1 1 1 0 1 1 1 1 0 1 1 0 1 1 0 1 1 1 1 1 1
 [963] 0 0 1 1 1 1 1 1 0 1 1 1 1 1 1 1 1 0 1 0 1 1 1 0 0 1 1 1 1 0 1 0 1 1 1 1 1
[1000] 0
> p = length(s[s==1])/1000
> p
[1] 0.77
>
>#Exercício 5
> s = 1:1000
> for(i in 1:1000){
+ r=sample(0:9,9,replace = TRUE)
+ Mi=matrix(data=r,nrow=3,byrow=TRUE)
+ dt = det(Mi)
+ if(dt == Mi){
+ s[i] = 1
+ }
+ else{
+ s[i] = 0
+ }
+ }
> s
   [1] 0 0 0 0 0 0 0 0 0 0 0 0 0 1 0 0 0 0 0 0 0 0 0 0 0 0 0 0 0 0 0 0 0 0 0 0 0
  [38] 0 0 0 0 0 0 0 0 0 0 0 0 0 0 0 0 0 0 0 0 0 0 0 0 0 0 0 0 0 0 0 0 0 0 0 0 0
  [75] 0 0 0 0 0 0 0 0 0 0 0 0 0 0 0 0 0 0 0 0 0 0 0 0 0 0 0 0 0 0 0 0 0 0 0 0 0
 [112] 0 0 0 0 0 0 0 0 0 0 0 0 0 0 0 0 0 0 0 0 0 0 0 0 0 0 0 0 0 0 0 0 0 0 0 0 0
 [149] 0 0 0 0 0 0 0 0 0 0 0 0 0 0 0 0 0 0 0 0 0 0 0 0 0 0 0 0 0 0 0 0 0 0 0 0 0
 [186] 0 0 0 0 0 0 0 0 0 0 0 0 0 0 0 0 0 0 0 0 0 0 0 0 0 0 0 0 0 0 0 0 0 0 0 0 0
 [223] 0 0 0 0 0 0 0 0 0 0 0 0 0 0 0 0 0 0 0 0 0 0 0 0 0 0 0 0 0 0 0 0 0 0 0 0 0
 [260] 0 0 0 0 0 0 0 0 0 0 0 0 0 0 0 0 0 0 0 0 0 0 0 0 0 0 0 0 0 0 0 0 0 0 0 0 0
 [297] 0 0 0 0 0 0 0 0 0 0 0 0 0 0 0 0 0 0 0 0 0 0 0 0 0 0 0 0 0 0 0 0 0 0 0 0 0
 [334] 0 0 0 0 0 0 0 0 0 0 0 0 0 0 0 0 0 0 0 0 0 0 1 0 0 0 0 0 0 0 0 0 0 0 0 0 0
 [371] 0 0 0 0 0 0 0 0 0 0 0 0 0 0 0 0 0 0 0 0 0 0 0 0 0 0 0 0 0 0 0 0 0 0 0 0 0
 [408] 0 0 0 0 0 0 0 0 0 0 0 0 0 0 0 0 0 0 0 0 0 0 0 0 0 0 0 0 0 0 0 0 0 0 0 0 0
 [445] 0 0 0 0 0 0 0 0 0 0 0 0 0 0 0 0 0 0 0 0 0 0 0 0 0 0 0 0 0 0 0 0 0 0 0 0 0
 [482] 0 0 0 0 0 0 0 0 0 0 0 0 0 0 0 0 0 0 0 0 0 0 0 0 0 0 0 0 1 0 0 0 0 0 0 0 0
 [519] 0 0 0 0 0 0 0 0 0 0 0 0 0 0 0 0 0 0 0 0 0 0 0 0 0 0 0 0 0 0 0 0 0 0 0 0 0
 [556] 0 0 0 0 0 0 0 0 0 0 0 0 0 0 0 0 0 0 0 0 0 0 0 0 0 0 0 0 0 0 0 0 0 0 0 0 0
 [593] 0 0 0 0 0 0 0 0 0 0 0 0 0 0 0 0 0 0 0 0 0 0 0 0 0 0 0 0 0 0 0 0 0 0 0 0 0
 [630] 0 0 0 0 0 0 0 0 0 0 0 0 0 0 0 0 0 0 0 0 0 0 0 0 0 0 0 0 0 0 0 0 0 0 0 0 0
 [667] 0 0 0 0 0 0 0 0 0 0 0 0 0 0 0 0 0 0 0 0 0 0 0 0 0 0 0 0 0 0 0 0 0 0 0 0 0
 [704] 0 0 0 0 0 0 0 0 0 0 0 0 0 0 0 0 0 0 0 0 0 0 0 0 0 0 0 0 0 0 0 0 0 0 0 0 0
 [741] 0 0 0 0 0 0 0 0 0 0 0 0 0 0 0 0 0 0 0 0 0 0 0 0 0 0 0 0 0 0 0 0 0 0 0 0 0
 [778] 0 0 0 0 0 0 0 0 0 0 0 0 0 0 0 0 0 0 0 0 0 0 0 0 0 0 0 0 0 0 0 0 0 0 0 0 0
 [815] 0 0 0 0 0 0 0 0 0 0 0 0 0 0 0 0 0 0 0 0 0 0 0 0 0 0 0 0 0 0 0 0 0 0 0 0 0
 [852] 0 0 0 0 0 0 0 0 0 0 0 0 0 0 0 0 0 0 0 0 0 0 0 0 0 0 0 0 0 0 0 0 0 0 0 0 0
 [889] 0 0 0 0 0 0 0 0 0 0 0 0 0 0 0 0 0 0 0 0 0 0 0 0 0 0 0 0 0 0 0 0 0 0 0 0 0
 [926] 0 0 0 0 0 0 0 0 0 0 0 0 0 0 0 0 0 0 0 0 0 0 0 0 0 0 0 0 0 0 0 0 0 0 0 0 0
 [963] 0 0 0 0 0 0 0 0 0 0 0 0 0 0 0 0 0 0 0 0 0 0 0 0 0 0 0 0 0 0 0 0 0 0 0 0 0
[1000] 0
> p = length(s[s==1])/1000
> p
[1] 0.003
